{"version":3,"meta":{"cam":[-1594.6842,-1029.9344,17.0181,-15.6509,0,70.4624]},"patches":{"1217224167":{"1911884093":{"label":"prop_billboard_04","cam":[535.2973,-1494.0931,41.0848,-8.6643,0,-60.2219],"mat":[-0.5466190576553345,-0.8373814225196838,0,0,0.8373814225196838,-0.5466190576553345,0,0,0,0,1,0,561.06005859375,-1464.533203125,27.158227920532227,1]}},"-1794519919":{"-799616000":{"label":"prop_dumpster_01a","cam":[-1809.874,-345.7222,50.106,-10.2943,0,-122.7109],"mat":[-0.7464133501052856,-0.6654824614524841,0.0002272035926580429,0,0.665384829044342,-0.7462979555130005,0.01738390326499939,0,-0.011399121955037117,0.013126756995916367,0.9998488426208496,0,-1802.8814697265625,-357.13287353515625,48.14215087890625,1]}},"-1298328421":{"-1362022398":{"label":"prop_rub_binbag_03b","cam":[-1792.822,-343.216,54.5709,-29.1447,0,-210.5377],"mat":[0.9995372891426086,-0.0019029637333005667,0.03035675175487995,0,0.002556262770667672,0.9997656345367432,-0.02149643935263157,0,-0.030308732762932777,0.021564094349741936,0.9993079304695129,0,-1804.7076416015625,-357.1006774902344,48.15290069580078,1]}}},"additions":{"7c6105d7":{"vd":299,"mdl":"p_ferris_wheel_amo_p","grp":"7e616f12","cam":[-1643.5686,-1122.1669,35.5115,-14.5682,0,99.9741],"label":"p_ferris_wheel_amo_p","mat":[1.0001057386398315,0,0,0,0,1.0001057386398315,0,0,0,0,1.0001057386398315,0,-1664.162841796875,-1126.702392578125,30.739891052246094,1]},"64c0f58e":{"vd":60,"mdl":"prop_sec_gate_01c","grp":"7e616f12","cam":[-1531.1575,-617.106,28.7296,-33.7511,0,107.3677],"label":"prop_sec_gate_01c","mat":[-0.08908659964799881,-0.9965759515762329,0,0,0.9956629276275635,-0.08900477737188339,0,0,0,0,1.000963568687439,0,-1540.0172119140625,-617.686767578125,22.54893684387207,1]},"4321adfa":{"vd":60,"mdl":"prop_sec_gate_01c","grp":"7e616f12","cam":[-1546.6942,-613.707,25.2936,-7.5188,0,259.8126],"label":"prop_sec_gate_01c","mat":[0.08650578558444977,0.9968947172164917,0,0,-0.9956687688827515,0.08647674322128296,0,0,0,0,1.0007003545761108,0,-1540.1141357421875,-617.686767578125,22.54893684387207,1]},"2e48fe15":{"vd":28,"mdl":"02gate3_l","grp":"7e616f12","cam":[-1542.0778,-613.0868,23.9287,-16.5188,0,-73.7778],"label":"02gate3_l","mat":[-0.08430049568414688,-0.9959953427314758,0,0,0.9968405961990356,-0.08433561772108078,0,0,0,0,1.0005253553390503,0,-1539.513916015625,-611.30126953125,23.677324295043945,1]},"d9819ca":{"vd":50,"mdl":"prop_byard_rampold","grp":"7e616f12","cam":[-1809.591,-340.325,56.5496,-37.1525,0,-149.0967],"label":"prop_byard_rampold","mat":[0.7626638412475586,-0.6411573886871338,-0.08658532053232193,0,0.6399799585342407,0.7673929333686829,-0.048270102590322495,0,0.0977560430765152,-0.018505137413740158,0.9953959584236145,0,-1802.5753173828125,-349.21417236328125,48.00225067138672,1]},"3d816a02":{"vd":100,"mdl":"prop_barrel_03a","grp":"7e616f12","cam":[-1799.472,-356.9168,51.633,-22.8258,0,0.9386],"label":"prop_barrel_03a","mat":[-0.005283133592456579,-0.008831704035401344,1.0001182556152344,0,0.8587665557861328,-0.5123704075813293,0,0,0.5121486186981201,0.8586673140525818,0.010260145179927349,0,-1799.87939453125,-352.689453125,48.75862121582031,1]},"77d5046d":{"vd":500,"mdl":"xs_prop_arena_turntable_01a","grp":"7e616f12","cam":[-2525.6369,-1323.7487,76.3412,-54.6878,0,-65.8438],"label":"xs_prop_arena_turntable_01a","mat":[1,0,0,0,0,1,0,0,0,0,1,0,-2500,-1500,50,1]}},"additionGroups":{"7e616f12":{"label":"Added"}}}